%YAML:1.0
aruco_bc_dict: ARUCO_MIP_36h12
aruco_bc_nmarkers: 24
aruco_bc_mInfoType: 1
aruco_bc_markers:
   - { id:186, corners:[ [ -5.9799998998641968e-02,
       -6.4999997615814209e-02, 0. ], [ -3.3799998462200165e-02,
       -6.4999997615814209e-02, 0. ], [ -3.3799998462200165e-02,
       -9.0999998152256012e-02, 0. ], [ -5.9799998998641968e-02,
       -9.0999998152256012e-02, 0. ] ] }
   - { id:235, corners:[ [ -2.8599999845027924e-02,
       -6.4999997615814209e-02, 0. ], [ -2.6000000070780516e-03,
       -6.4999997615814209e-02, 0. ], [ -2.6000000070780516e-03,
       -9.0999998152256012e-02, 0. ], [ -2.8599999845027924e-02,
       -9.0999998152256012e-02, 0. ] ] }
   - { id:58, corners:[ [ 2.6000000070780516e-03,
       -6.4999997615814209e-02, 0. ], [ 2.8599999845027924e-02,
       -6.4999997615814209e-02, 0. ], [ 2.8599999845027924e-02,
       -9.0999998152256012e-02, 0. ], [ 2.6000000070780516e-03,
       -9.0999998152256012e-02, 0. ] ] }
   - { id:143, corners:[ [ 3.3799998462200165e-02,
       -6.4999997615814209e-02, 0. ], [ 5.9799998998641968e-02,
       -6.4999997615814209e-02, 0. ], [ 5.9799998998641968e-02,
       -9.0999998152256012e-02, 0. ], [ 3.3799998462200165e-02,
       -9.0999998152256012e-02, 0. ] ] }
   - { id:101, corners:[ [ -5.9799998998641968e-02,
       -3.3799998462200165e-02, 0. ], [ -3.3799998462200165e-02,
       -3.3799998462200165e-02, 0. ], [ -3.3799998462200165e-02,
       -5.9799998998641968e-02, 0. ], [ -5.9799998998641968e-02,
       -5.9799998998641968e-02, 0. ] ] }
   - { id:63, corners:[ [ -2.8599999845027924e-02,
       -3.3799998462200165e-02, 0. ], [ -2.6000000070780516e-03,
       -3.3799998462200165e-02, 0. ], [ -2.6000000070780516e-03,
       -5.9799998998641968e-02, 0. ], [ -2.8599999845027924e-02,
       -5.9799998998641968e-02, 0. ] ] }
   - { id:41, corners:[ [ 2.6000000070780516e-03,
       -3.3799998462200165e-02, 0. ], [ 2.8599999845027924e-02,
       -3.3799998462200165e-02, 0. ], [ 2.8599999845027924e-02,
       -5.9799998998641968e-02, 0. ], [ 2.6000000070780516e-03,
       -5.9799998998641968e-02, 0. ] ] }
   - { id:144, corners:[ [ 3.3799998462200165e-02,
       -3.3799998462200165e-02, 0. ], [ 5.9799998998641968e-02,
       -3.3799998462200165e-02, 0. ], [ 5.9799998998641968e-02,
       -5.9799998998641968e-02, 0. ], [ 3.3799998462200165e-02,
       -5.9799998998641968e-02, 0. ] ] }
   - { id:141, corners:[ [ -5.9799998998641968e-02,
       -2.6000000070780516e-03, 0. ], [ -3.3799998462200165e-02,
       -2.6000000070780516e-03, 0. ], [ -3.3799998462200165e-02,
       -2.8599999845027924e-02, 0. ], [ -5.9799998998641968e-02,
       -2.8599999845027924e-02, 0. ] ] }
   - { id:188, corners:[ [ -2.8599999845027924e-02,
       -2.6000000070780516e-03, 0. ], [ -2.6000000070780516e-03,
       -2.6000000070780516e-03, 0. ], [ -2.6000000070780516e-03,
       -2.8599999845027924e-02, 0. ], [ -2.8599999845027924e-02,
       -2.8599999845027924e-02, 0. ] ] }
   - { id:81, corners:[ [ 2.6000000070780516e-03,
       -2.6000000070780516e-03, 0. ], [ 2.8599999845027924e-02,
       -2.6000000070780516e-03, 0. ], [ 2.8599999845027924e-02,
       -2.8599999845027924e-02, 0. ], [ 2.6000000070780516e-03,
       -2.8599999845027924e-02, 0. ] ] }
   - { id:217, corners:[ [ 3.3799998462200165e-02,
       -2.6000000070780516e-03, 0. ], [ 5.9799998998641968e-02,
       -2.6000000070780516e-03, 0. ], [ 5.9799998998641968e-02,
       -2.8599999845027924e-02, 0. ], [ 3.3799998462200165e-02,
       -2.8599999845027924e-02, 0. ] ] }
   - { id:138, corners:[ [ -5.9799998998641968e-02,
       2.8599999845027924e-02, 0. ], [ -3.3799998462200165e-02,
       2.8599999845027924e-02, 0. ], [ -3.3799998462200165e-02,
       2.6000000070780516e-03, 0. ], [ -5.9799998998641968e-02,
       2.6000000070780516e-03, 0. ] ] }
   - { id:151, corners:[ [ -2.8599999845027924e-02,
       2.8599999845027924e-02, 0. ], [ -2.6000000070780516e-03,
       2.8599999845027924e-02, 0. ], [ -2.6000000070780516e-03,
       2.6000000070780516e-03, 0. ], [ -2.8599999845027924e-02,
       2.6000000070780516e-03, 0. ] ] }
   - { id:229, corners:[ [ 2.6000000070780516e-03,
       2.8599999845027924e-02, 0. ], [ 2.8599999845027924e-02,
       2.8599999845027924e-02, 0. ], [ 2.8599999845027924e-02,
       2.6000000070780516e-03, 0. ], [ 2.6000000070780516e-03,
       2.6000000070780516e-03, 0. ] ] }
   - { id:85, corners:[ [ 3.3799998462200165e-02, 2.8599999845027924e-02,
       0. ], [ 5.9799998998641968e-02, 2.8599999845027924e-02, 0. ], [
       5.9799998998641968e-02, 2.6000000070780516e-03, 0. ], [
       3.3799998462200165e-02, 2.6000000070780516e-03, 0. ] ] }
   - { id:0, corners:[ [ -5.9799998998641968e-02, 5.9799998998641968e-02,
       0. ], [ -3.3799998462200165e-02, 5.9799998998641968e-02, 0. ], [
       -3.3799998462200165e-02, 3.3799998462200165e-02, 0. ], [
       -5.9799998998641968e-02, 3.3799998462200165e-02, 0. ] ] }
   - { id:240, corners:[ [ -2.8599999845027924e-02,
       5.9799998998641968e-02, 0. ], [ -2.6000000070780516e-03,
       5.9799998998641968e-02, 0. ], [ -2.6000000070780516e-03,
       3.3799998462200165e-02, 0. ], [ -2.8599999845027924e-02,
       3.3799998462200165e-02, 0. ] ] }
   - { id:110, corners:[ [ 2.6000000070780516e-03,
       5.9799998998641968e-02, 0. ], [ 2.8599999845027924e-02,
       5.9799998998641968e-02, 0. ], [ 2.8599999845027924e-02,
       3.3799998462200165e-02, 0. ], [ 2.6000000070780516e-03,
       3.3799998462200165e-02, 0. ] ] }
   - { id:183, corners:[ [ 3.3799998462200165e-02,
       5.9799998998641968e-02, 0. ], [ 5.9799998998641968e-02,
       5.9799998998641968e-02, 0. ], [ 5.9799998998641968e-02,
       3.3799998462200165e-02, 0. ], [ 3.3799998462200165e-02,
       3.3799998462200165e-02, 0. ] ] }
   - { id:15, corners:[ [ -5.9799998998641968e-02,
       9.0999998152256012e-02, 0. ], [ -3.3799998462200165e-02,
       9.0999998152256012e-02, 0. ], [ -3.3799998462200165e-02,
       6.4999997615814209e-02, 0. ], [ -5.9799998998641968e-02,
       6.4999997615814209e-02, 0. ] ] }
   - { id:33, corners:[ [ -2.8599999845027924e-02,
       9.0999998152256012e-02, 0. ], [ -2.6000000070780516e-03,
       9.0999998152256012e-02, 0. ], [ -2.6000000070780516e-03,
       6.4999997615814209e-02, 0. ], [ -2.8599999845027924e-02,
       6.4999997615814209e-02, 0. ] ] }
   - { id:199, corners:[ [ 2.6000000070780516e-03,
       9.0999998152256012e-02, 0. ], [ 2.8599999845027924e-02,
       9.0999998152256012e-02, 0. ], [ 2.8599999845027924e-02,
       6.4999997615814209e-02, 0. ], [ 2.6000000070780516e-03,
       6.4999997615814209e-02, 0. ] ] }
   - { id:124, corners:[ [ 3.3799998462200165e-02,
       9.0999998152256012e-02, 0. ], [ 5.9799998998641968e-02,
       9.0999998152256012e-02, 0. ], [ 5.9799998998641968e-02,
       6.4999997615814209e-02, 0. ], [ 3.3799998462200165e-02,
       6.4999997615814209e-02, 0. ] ] }
